PC Axis Semantics Test Results
======================================================================

Reference PC1: [+0.7071, +0.7071]
Reference PC2: [-0.7071, +0.7071]


persistence_penalty:
--------------------------------------------------
Value      mean_PC1     var_PC1      mean_PC2     var_PC2     
0.00       1.2522       1.9705       0.1634       0.0295      
0.01       1.2645       1.9927       0.0753       0.0073      
0.05       1.2605       1.9931       0.0731       0.0069      
0.10       1.2425       1.9280       0.2599       0.0720      
0.50       1.2603       1.9972       0.0467       0.0028      

switching_reward:
--------------------------------------------------
Value      mean_PC1     var_PC1      mean_PC2     var_PC2     
0.00       1.2589       1.9951       0.0609       0.0049      
0.01       1.2546       1.9825       0.1245       0.0175      
0.05       1.2575       1.9960       0.0503       0.0040      
0.10       1.2549       1.9923       0.0778       0.0077      
0.50       1.2636       1.9878       0.0978       0.0122      

router_temperature:
--------------------------------------------------
Value      mean_PC1     var_PC1      mean_PC2     var_PC2     
0.50       1.2106       1.9942       0.0594       0.0058      
0.75       1.2289       1.9521       0.2131       0.0479      
1.00       1.2646       1.9978       0.0366       0.0022      
1.50       1.2721       1.9822       0.1256       0.0178      
2.00       1.2760       1.9919       0.0816       0.0081      

prior_bias_strength:
--------------------------------------------------
Value      mean_PC1     var_PC1      mean_PC2     var_PC2     
0.00       1.2616       1.9964       0.0497       0.0036      
0.10       1.2528       1.9779       0.1318       0.0221      
0.50       1.2320       1.9396       0.2356       0.0604      
1.00       1.2929       1.9715       0.1174       0.0285      
2.00       1.2803       1.9989       0.0270       0.0011      
